x-velocity: 0.6476140243707477
y-velocity: 0.13111924386680435
pressure: 0.018959795181513816
turb-diss-rate: 21967.773478876203
turb-kinetic-energy: 8.80551357211312