pressure: 0.37461617588996887
x-velocity: 0.07540730386972427
y-velocity: 0.009542789310216904
